633.0  0.0002271600905	0.001232578903	0.0005297895973	0.001911231171	0.001895768923	0.0007559737879
700.0  0.0002271600905	0.001232578903	0.0005297895973	0.001911231171	0.001895768923	0.0007559737879
800.0  0.0002271600905	0.001232578903	0.0005297895973	0.001911231171	0.001895768923	0.0007559737879
900.0  0.0002271600905	0.001232578903	0.0005297895973	0.001911231171	0.001895768923	0.0007559737879
1000.0 0.0002271600905	0.001232578903	0.0005297895973	0.001911231171	0.001895768923	0.0007559737879
1100.0 0.0002271600905	0.001232578903	0.0005297895973	0.001911231171	0.001895768923	0.0007559737879
1200.0 0.0002271600905	0.001232578903	0.0005297895973	0.001911231171	0.001895768923	0.0007559737879
1300.0 0.0002271600905	0.001232578903	0.0005297895973	0.001911231171	0.001895768923	0.0007559737879
1400.0 0.0002271600905	0.001232578903	0.0005297895973	0.001911231171	0.001895768923	0.0007559737879
1500.0 0.0002271600905	0.001232578903	0.0005297895973	0.001911231171	0.001895768923	0.0007559737879
1600.0 0.0002271600905	0.001232578903	0.0005297895973	0.001911231171	0.001895768923	0.0007559737879
1700.0 0.0002271600905	0.001232578903	0.0005297895973	0.001911231171	0.001895768923	0.0007559737879
1800.0 0.0002271600905	0.001232578903	0.0005297895973	0.001911231171	0.001895768923	0.0007559737879
1900.0 0.0002271600905	0.001232578903	0.0005297895973	0.001911231171	0.001895768923	0.0007559737879
2000.0 0.0002271600905	0.001232578903	0.0005297895973	0.001911231171	0.001895768923	0.0007559737879
